0 0.909375 0.050000 0.175000 0.096875
0 0.967969 0.295312 0.057813 0.359375
0 0.953125 0.881250 0.087500 0.106250
0 0.875000 0.098437 0.100000 0.053125
0 0.797656 0.730469 0.276562 0.104688
0 0.878125 0.218750 0.065625 0.093750
0 0.781250 0.337500 0.071875 0.109375
0 0.678906 0.603906 0.160938 0.026562
0 0.562500 0.900781 0.318750 0.192188
0 0.503125 0.329688 0.106250 0.178125
0 0.461719 0.189062 0.114062 0.115625
0 0.415625 0.017188 0.065625 0.031250
0 0.393750 0.100781 0.031250 0.014063
0 0.348438 0.877344 0.053125 0.135937
0 0.288281 0.690625 0.167187 0.262500
0 0.349219 0.034375 0.026562 0.068750
0 0.306250 0.226562 0.078125 0.115625
0 0.278125 0.099219 0.081250 0.014063
0 0.225000 0.907031 0.115625 0.023438
0 0.145313 0.495312 0.196875 0.103125
0 0.201563 0.147656 0.071875 0.045312
0 0.060937 0.125000 0.118750 0.046875
0 0.057813 0.210938 0.112500 0.087500
0 0.044531 0.928125 0.085938 0.031250
0 0.014844 0.872656 0.026562 0.032813