1 0.819531 0.820312 0.354687 0.321875
0 0.975781 0.369531 0.042188 0.060937
0 0.922656 0.477344 0.082812 0.020313
0 0.947656 0.495312 0.098437 0.015625
0 0.917969 0.326562 0.154688 0.028125
0 0.939844 0.165625 0.076563 0.034375
0 0.893750 0.132031 0.103125 0.032813
0 0.890625 0.388281 0.053125 0.054688
0 0.823438 0.419531 0.106250 0.054688
0 0.785937 0.250781 0.059375 0.035937
0 0.811719 0.178125 0.054688 0.121875
0 0.627344 0.236719 0.054688 0.032813
0 0.712500 0.192188 0.112500 0.059375
0 0.739062 0.014844 0.043750 0.026562
0 0.721875 0.480469 0.046875 0.051562
0 0.660156 0.582812 0.107813 0.090625
0 0.635938 0.009375 0.028125 0.015625
0 0.664844 0.017969 0.010937 0.032813
0 0.531250 0.160156 0.209375 0.132812
0 0.567969 0.064062 0.014063 0.059375
0 0.629687 0.716406 0.028125 0.051562
0 0.551562 0.005469 0.015625 0.007812
0 0.431250 0.471094 0.096875 0.029687
0 0.440625 0.318750 0.056250 0.025000
0 0.410938 0.103125 0.034375 0.056250
0 0.278125 0.614844 0.090625 0.057813
0 0.369531 0.665625 0.082812 0.031250
0 0.328906 0.042188 0.039062 0.018750
0 0.242188 0.484375 0.084375 0.018750
0 0.111719 0.032031 0.029687 0.060937
0 0.189062 0.017188 0.112500 0.031250
0 0.121875 0.354687 0.143750 0.012500
0 0.073438 0.718750 0.118750 0.068750
0 0.075000 0.281250 0.081250 0.087500
0 0.013281 0.442969 0.023438 0.007812