0 0.930469 0.222656 0.132812 0.101562
0 0.810156 0.810156 0.257812 0.104688
0 0.840625 0.929688 0.106250 0.134375
0 0.675000 0.064062 0.256250 0.090625
0 0.758594 0.027344 0.014063 0.051562
0 0.581250 0.244531 0.134375 0.017188
0 0.327344 0.603125 0.414062 0.112500
0 0.446875 0.532813 0.015625 0.081250
0 0.491406 0.196094 0.051562 0.039062
0 0.394531 0.714844 0.045312 0.048438
0 0.457031 0.706250 0.073438 0.150000
0 0.449219 0.781250 0.048438 0.034375
0 0.264844 0.685937 0.039062 0.053125
0 0.025000 0.132031 0.050000 0.035937