0 0.957031 0.310156 0.054688 0.032813
0 0.764844 0.907813 0.439063 0.178125
0 0.664062 0.775781 0.156250 0.132812
0 0.946094 0.836719 0.060937 0.020313
0 0.898438 0.500781 0.096875 0.064062
0 0.634375 0.525000 0.075000 0.018750
0 0.765625 0.543750 0.206250 0.262500
0 0.894531 0.606250 0.051562 0.043750
0 0.849219 0.051562 0.104688 0.028125
0 0.813281 0.767969 0.160938 0.235937
0 0.860938 0.236719 0.062500 0.035937
0 0.865625 0.403125 0.050000 0.031250
0 0.679688 0.371875 0.293750 0.059375
0 0.844531 0.353906 0.014063 0.057813
0 0.797656 0.104688 0.035937 0.043750
0 0.764062 0.171875 0.075000 0.065625
0 0.771094 0.024219 0.017188 0.048438
0 0.732031 0.964063 0.029687 0.065625
0 0.712500 0.257031 0.037500 0.064062
0 0.684375 0.805469 0.053125 0.017188
0 0.643750 0.167187 0.059375 0.053125
0 0.644531 0.277344 0.054688 0.057813
0 0.650781 0.232031 0.029687 0.029687
0 0.617969 0.644531 0.054688 0.104688
0 0.568750 0.111719 0.040625 0.064062
0 0.386719 0.587500 0.070312 0.096875
0 0.503125 0.567187 0.159375 0.046875
0 0.539844 0.678125 0.048438 0.009375
0 0.528906 0.890625 0.023438 0.075000
0 0.400781 0.384375 0.098437 0.025000
0 0.436719 0.417969 0.017188 0.029687
0 0.410938 0.039844 0.078125 0.064062
0 0.405469 0.702344 0.057813 0.123438
0 0.389844 0.304688 0.045312 0.078125
0 0.357031 0.473438 0.085938 0.025000
0 0.178906 0.902344 0.276562 0.189062
0 0.163281 0.926562 0.014063 0.056250
0 0.357031 0.907813 0.064062 0.178125
0 0.330469 0.020313 0.064062 0.021875
0 0.321094 0.755469 0.064062 0.042188
0 0.318750 0.407031 0.062500 0.039062
0 0.235937 0.363281 0.171875 0.120313
0 0.207031 0.267188 0.048438 0.075000
0 0.262500 0.229687 0.043750 0.043750
0 0.227344 0.785937 0.095312 0.090625
0 0.130469 0.529687 0.089063 0.040625
0 0.099219 0.722656 0.101562 0.035937
0 0.074219 0.414062 0.129688 0.034375
0 0.111719 0.840625 0.039062 0.025000
0 0.020313 0.689844 0.040625 0.020313
0 0.016406 0.851562 0.032813 0.015625
1 0.958594 0.603906 0.073438 0.154688