0 0.897656 0.906250 0.201563 0.025000
0 0.983594 0.388281 0.026562 0.026562
0 0.936719 0.521875 0.120313 0.065625
0 0.963281 0.971875 0.014063 0.050000
0 0.609375 0.329688 0.718750 0.137500
0 0.907813 0.880469 0.075000 0.010937
0 0.890625 0.726562 0.106250 0.046875
0 0.903125 0.430469 0.081250 0.064062
0 0.859375 0.653906 0.137500 0.054688
0 0.819531 0.067187 0.179688 0.025000
0 0.838281 0.862500 0.129688 0.012500
0 0.815625 0.413281 0.068750 0.010937
0 0.760938 0.614844 0.037500 0.064062
0 0.689844 0.428906 0.132812 0.020313
0 0.734375 0.730469 0.025000 0.101562
0 0.692969 0.642188 0.070312 0.059375
0 0.676562 0.764844 0.062500 0.020313
0 0.688281 0.981250 0.029687 0.031250
0 0.658594 0.719531 0.089063 0.010937
0 0.641406 0.127344 0.076563 0.023438
0 0.070312 0.501563 0.137500 0.065625
0 0.352344 0.445312 0.423438 0.115625
0 0.582031 0.537500 0.079687 0.090625
0 0.464062 0.864062 0.287500 0.112500
0 0.544531 0.626563 0.092188 0.040625
0 0.401562 0.140625 0.371875 0.278125
0 0.554688 0.957812 0.021875 0.078125
0 0.476562 0.595313 0.071875 0.037500
0 0.423438 0.976562 0.050000 0.040625
0 0.282031 0.767188 0.260937 0.128125
0 0.385937 0.602344 0.034375 0.089063
0 0.255469 0.607031 0.135937 0.173437
0 0.291406 0.035937 0.045312 0.068750
0 0.284375 0.120313 0.043750 0.062500
0 0.274219 0.962500 0.064062 0.012500
0 0.272656 0.990625 0.048438 0.012500
0 0.197656 0.371094 0.145313 0.014063
0 0.114844 0.027344 0.195312 0.051562
0 0.098437 0.321875 0.190625 0.100000
0 0.123438 0.600000 0.096875 0.018750
0 0.082812 0.871875 0.162500 0.143750
0 0.074219 0.982031 0.142187 0.029687
0 0.066406 0.407813 0.129688 0.056250
0 0.064062 0.651563 0.096875 0.046875
0 0.044531 0.098437 0.079687 0.050000