0 0.865625 0.799219 0.065625 0.054688
0 0.839063 0.742188 0.015625 0.031250
0 0.788281 0.569531 0.157812 0.067187
0 0.462500 0.635156 0.621875 0.660937
0 0.601562 0.929688 0.025000 0.015625
0 0.667969 0.189062 0.123438 0.125000
0 0.558594 0.601562 0.073438 0.012500
0 0.362500 0.243750 0.012500 0.046875
0 0.251563 0.066406 0.090625 0.117188
0 0.281250 0.942969 0.053125 0.107813
0 0.168750 0.877344 0.100000 0.064062
0 0.207031 0.191406 0.020313 0.176563
0 0.197656 0.580469 0.010937 0.060937
0 0.065625 0.819531 0.093750 0.107813
0 0.099219 0.118750 0.017188 0.203125