0 0.987500 0.978125 0.018750 0.037500
0 0.837500 0.483594 0.318750 0.251563
0 0.817187 0.711719 0.059375 0.214062
0 0.825000 0.979688 0.040625 0.034375
0 0.808594 0.907813 0.020313 0.081250
0 0.683594 0.245312 0.189062 0.168750
0 0.640625 0.603906 0.053125 0.051562
0 0.600781 0.734375 0.026562 0.075000
0 0.404687 0.690625 0.025000 0.043750
0 0.375000 0.598437 0.012500 0.078125
0 0.254688 0.589063 0.168750 0.031250
0 0.263281 0.253125 0.070312 0.056250
0 0.278125 0.825781 0.050000 0.139063
0 0.282031 0.486719 0.035937 0.189062
0 0.260937 0.959375 0.037500 0.071875
0 0.023438 0.889062 0.043750 0.040625